p1 p2 p3 p4 p5 p6 p7 p8 p9 p10 p11
A0101 0.895460849833284 0.576940897590851 0.449158668428461 0.925549294353651 0.938863861273112 0.926087893543772 0.946593789693709 0.929538136742211 0.906400774907632 0.902638921805621 0.16389696980415
A0201 0.872123481838432 0.389089598064679 0.825099228574762 0.770842575485448 0.921108090190115 0.911783708463 0.926010470729118 0.906752499907022 0.88593006044248 0.917663612373126 0.53852339080709
A0202 0.637767661029527 0.356303232643391 0.658313876589443 0.66256905229879 0.772541974548105 0.768345682333567 0.715812008955519 0.675647949310592 0.730614596220096 0.784868294164793 0.432890874800586
A0203 0.706495454264835 0.440422257654253 0.643702041007144 0.631175590137044 0.729831417951976 0.746936970336069 0.713548081393159 0.705610202683552 0.786007709030834 0.735858824945929 0.455003066242228
A0204 0.823889696026299 0.292695562530627 0.668315282344191 0.663397309651702 0.874836086936503 0.864671944638386 0.904786968150987 0.8035789317049 0.833495424238097 0.898438637606581 0.403943614576124
A0205 0.832473192297235 0.553072180759567 0.668703739074374 0.728232727241815 0.808375260870358 0.839161488293746 0.846661484805336 0.849779129944855 0.870217206312204 0.855856810787188 0.470347604869584
A0206 0.665452350430982 0.503391433701738 0.549556335714306 0.570792291420957 0.58845083597072 0.67163778427165 0.716331752573581 0.585446508832625 0.749170718519715 0.647846108413519 0.435859296771882
A0207 0.651426982950401 0.219831766133278 0.493208070703918 0.627072698405483 0.693608179169993 0.684136415153078 0.683301757744884 0.728557213345495 0.680936060863912 0.729692741739934 0.465988027706422
A0211 0.861367347984585 0.484196448469482 0.802670329885702 0.699867415539928 0.829008173816624 0.847106530940784 0.92307356919648 0.894079293168294 0.960971729369068 0.937824021856096 0.514366279590211
A0301 0.673894865482359 0.548811470254709 0.770378109974924 0.876340282607471 0.903635205486843 0.913451540288774 0.908919936247243 0.910254441706115 0.855303337445809 0.920901527846786 0.236524448348499
A1101 0.679627007553286 0.555731282614567 0.856150472215612 0.865768584531682 0.913909203378422 0.922889010742776 0.927078026199918 0.920582979546488 0.887960057433607 0.92062770184255 0.198485512681838
A1102 0.66059418058767 0.552093032925243 0.848529780740894 0.867407236948918 0.910642751399136 0.931316434843371 0.925398809742377 0.936757501404783 0.886592582909121 0.936545753399332 0.183403147158152
A2301 0.739748485164556 0.282620660252618 0.6432217263238 0.709528580679368 0.725497973502935 0.765594573679281 0.728930073552152 0.773521401330921 0.70733487579534 0.754170831336288 0.350244432830921
A2402 0.880279153824683 0.344411496306934 0.861452068905021 0.845188351129431 0.935932856653747 0.937442054883828 0.938414240510875 0.929117471877539 0.91993025857116 0.902910987079128 0.404126009753634
A2407 0.871192953611765 0.410353040457653 0.810875784437282 0.803122937026923 0.899343994586526 0.889703500645492 0.924155058278565 0.943605903128725 0.793012918503958 0.875728712426818 0.34149901598521
A2501 0.476293580588153 0.491683699299954 0.721534611895601 0.700325225836443 0.868635041053313 0.861320161759561 0.841325768231198 0.770506052083405 0.876330514705356 0.834808894967613 0.428677960944509
A2601 0.343636603471802 0.379637261103609 0.589185358383192 0.57997519810433 0.769287069129348 0.750260286133199 0.764390019527447 0.771793140510429 0.769899031385936 0.739403544452409 0.498312815705236
A2902 0.875922428813036 0.73843513440087 0.81910524736106 0.852224536050417 0.900679544648599 0.880639624496823 0.896949443970844 0.900264489615598 0.782280267174867 0.820207858677164 0.181710785818901
A3001 0.578093055170157 0.686262166208776 0.63914279705526 0.706290818946444 0.745481907747301 0.693671360161182 0.644301453953096 0.72484871190769 0.669446713222319 0.735391074941833 0.442759093168274
A3002 0.610460867176601 0.599538901592514 0.742806074071061 0.682875381509056 0.764876142045253 0.728093503018246 0.668279811685042 0.776951743987983 0.641701845208653 0.71276825431514 0.0775904777495222
A3101 0.664690574009292 0.707297906952665 0.739927378209441 0.811402472735051 0.799487270983065 0.870833407002741 0.863087453241832 0.788851832251821 0.808049436128817 0.863804394941092 0.229598031446581
A3201 0.427264108522548 0.604919156814782 0.734996067624284 0.800122892617261 0.932643346707845 0.844528326707684 0.930975198626407 0.868357171425592 0.807867231943182 0.854702609776239 0.518771511205245
A3301 0.557101619638793 0.79443117160444 0.827451066672152 0.898696653739657 0.921416101294993 0.899880974223096 0.931883526403682 0.907751168097149 0.945776204873081 0.914882836349279 0.169861131508393
A3303 0.622449091612569 0.704155238820321 0.804226702952582 0.880886841986682 0.93679211721198 0.922570818965196 0.935619982643935 0.919909286816166 0.921646900273722 0.91345428501923 0.142003092257501
A3401 0.38836018180776 0.626935699366693 0.814118498306753 0.888238894032097 0.848987430953369 0.896316810468824 0.931498116398477 0.869699703096592 0.833760501033014 0.881157163727308 0.225175865013694
A3402 0.605210977619766 0.543212098242242 0.823751513514006 0.860767876330379 0.874776429089527 0.905574645703016 0.941618093175837 0.9225554191254 0.906377145946792 0.905586011642281 0.360619771266198
A3601 0.721310559834843 0.576677499058167 0.538557853286108 0.928560550686923 0.925467638476157 0.921658582991037 0.94758748228897 0.931221508238632 0.91683843377685 0.897466663786863 0.181813937025057
A6601 0.626899623568303 0.539180461200783 0.764434052964373 0.892454176009476 0.836719943182869 0.88377600689052 0.921404613670944 0.900177596442721 0.867119456596421 0.92232739463134 0.183247623762268
A6801 0.552847321612624 0.432288033537135 0.599815095026291 0.660465616483277 0.730583947527109 0.684992497669319 0.723198548325493 0.717072639863153 0.636082861706049 0.725919623093855 0.240743063976498
A6802 0.628793665848641 0.577833282657846 0.630889655341889 0.66295862570474 0.714802133201753 0.691982056649915 0.685567440402826 0.597165625487888 0.72174010027936 0.729647537274971 0.439050192646112
A7401 0.567975164974918 0.584196751437955 0.848566030037047 0.86785860037924 0.957328366295563 0.943184678789912 0.927895527274994 0.945049482574128 0.906996161999703 0.912211744076475 0.133429428957251
B0702 0.793028664660788 0.0943297347749529 0.809177000947949 0.884432339138165 0.891270101425857 0.8868075209289 0.899983445950589 0.920868204840546 0.876014739850344 0.846516488909878 0.377576119283566
B0704 0.722107377147173 0.189891302800364 0.802404114955946 0.881994750581769 0.901571249082431 0.771412969684882 0.865203522670823 0.939765806524978 0.764007229523771 0.826947185728405 0.423137929715858
B0801 0.575969581947122 0.420688213702892 0.54300710805068 0.585011965889313 0.377385436880443 0.585332248711166 0.597797894604314 0.652012833662958 0.473850018734191 0.510917978517665 0.284015487554946
B1301 0.635233753134159 0.447557515848401 0.806538860344582 0.843520438336988 0.804482752355849 0.840284891212858 0.787804220659382 0.777815408635702 0.693881913823791 0.772955646581101 0.537237164305352
B1302 0.588944511946785 0.385358940190794 0.844329750820571 0.842167828176735 0.921135712221893 0.878856343315741 0.886336682627362 0.844337160972366 0.862728062701567 0.852569238987653 0.414406685754877
B1402 0.692459647231186 0.754637772255413 0.703192789231788 0.82293287379542 0.57846684352271 0.799342600876237 0.817710878692149 0.79494584484548 0.760050551803871 0.686665774006091 0.236038937460174
B1501 0.831300156606693 0.557972732167818 0.860783253086377 0.906238498102413 0.903110820873975 0.919760043845746 0.933692369991657 0.937976528291749 0.879567082180743 0.88351492178491 0.316062026239357
B1502 0.77957626898566 0.585899635177946 0.800759481062203 0.798443565946441 0.824722551441131 0.863820073403542 0.838904015949701 0.800991452655515 0.770233889689358 0.777509584152984 0.380522731655825
B1503 0.735782426349096 0.342055342346494 0.815249592428455 0.884400178090202 0.870341839100063 0.926205476538585 0.935225573049384 0.915504725964198 0.893766905270721 0.885530721007535 0.276686395063791
B1510 0.697946223293202 0.24224278694847 0.812439741918249 0.774418682809953 0.703827770712248 0.817430156815027 0.815680524305252 0.860995967001713 0.852104578459922 0.77414206037235 0.361436656088872
B1517 0.520602029983133 0.232656194492368 0.36993426600763 0.538095833645448 0.425423640799504 0.428032528934809 0.570187825114323 0.439964286443575 0.431612318787712 0.413920390817854 0.229136714651077
B1801 0.69955484740523 0.311701137036161 0.72977411289195 0.803427951505518 0.691851997427333 0.714091422817451 0.819952198002473 0.777170400290141 0.809466432073044 0.64330458264234 0.416609352253817
B2705 0.78988979974866 0.290123208372216 0.851362614869055 0.910743818837979 0.924613330465627 0.915651280025718 0.927648249363481 0.924256627573349 0.895071279217509 0.914499851869308 0.731440290883101
B3501 0.809381543600008 0.229754108451948 0.807680763682896 0.84178353577572 0.815130882725246 0.830935970556819 0.870287393993568 0.889970240132172 0.879054677776764 0.844692791228158 0.384826426329186
B3503 0.714589408365841 0.0430236632857449 0.780330006794404 0.849790826652034 0.8003001772508 0.826287453057501 0.81960153946538 0.825227607830145 0.812029116808076 0.791173055153983 0.297312357020781
B3507 0.860222157058155 0.228665910325584 0.866080745991271 0.903230666776293 0.845346940154378 0.885557913294725 0.894074037642737 0.931580422798791 0.914745619702969 0.887161789330551 0.425594700044615
B3701 0.779291637581142 0.637657838850917 0.770974279419845 0.831681036344296 0.7033048623577 0.779291637581142 0.770974279419845 0.831681036344296 0.793010299720775 0.779291637581142 0.558931434571847
B3801 0.884873688880209 0.211610589436894 0.822940219894744 0.890055967592196 0.881686810744968 0.905476112030998 0.924197263652978 0.941718962865416 0.87811767700277 0.87379638796399 0.438048857991383
B3802 0.882077089810316 0.228057854300499 0.821202666599436 0.900415142089524 0.904319021829501 0.920181853134167 0.933499084244582 0.922123884825057 0.825614647388785 0.911308044977467 0.416736957062153
B4001 0.764308340544167 0.02866515055979 0.88691817260163 0.905016459933495 0.862202719879543 0.925914075149933 0.922449948896 0.914286842932385 0.875313744009414 0.857481559344142 0.100094370699261
B4002 0.781759848396777 0.0549814868772369 0.912788581697012 0.898847880229479 0.913183548540585 0.93400771952838 0.914735277166727 0.923347323643784 0.929464686075851 0.844304971844605 0.381899492530927
B4006 0.744821350039693 0.059479536271798 0.834751371932055 0.887320135810713 0.92466746593507 0.914974880018442 0.932156131925809 0.917675938827437 0.898763729184039 0.836566253578076 0.330480347545036
B4201 0.858588387818608 0.136035889345954 0.870553279887743 0.899423933193648 0.9201722241699 0.931725292213311 0.935845281834804 0.939164876734328 0.883846115023237 0.86742960001262 0.379473891776362
B4402 0.789471730567593 0.0307806541400966 0.871287788818276 0.899003696547668 0.909322346833191 0.923766631136493 0.915501217772839 0.915046571015229 0.878690432612584 0.908136047207431 0.449585895767159
B4403 0.794335026616702 0.0166849839469497 0.88142107607524 0.882588919093002 0.9017595274028 0.910342204429823 0.924363095104391 0.9150973352141 0.878346304928443 0.889468038683974 0.455389320784948
B4501 0.479382847157823 0.0406594826696737 0.774372158471222 0.791517678095812 0.799734050717319 0.819162859625378 0.831093055916521 0.784985379272761 0.786151367208206 0.750733832499008 0.288208848540078
B4601 0.753331732282427 0.656964811940754 0.808255200878755 0.72949303863857 0.664280019070006 0.795168743141015 0.886743230049722 0.807700840939918 0.731110640765367 0.802964828277453 0.563710746218182
B4901 0.625610322655312 0.0519517133663296 0.698425940445787 0.695573613867201 0.725448282035711 0.719909114531622 0.665335781068987 0.690562360982127 0.722807995815567 0.656170192664161 0.380499268847986
B5001 0.640963690622292 0.0555472871415437 0.709548251280862 0.806372089054753 0.812065408966227 0.794506629809482 0.815535744553765 0.804112027926326 0.725300547255892 0.808803920894499 0.375230504802476
B5101 0.729551113565338 0.415569758564477 0.678433429723113 0.848064432660177 0.857819259978575 0.788307534808993 0.882354502821052 0.864563308183091 0.834204138822983 0.789385626761121 0.548421441226588
B5201 0.670138758780393 0.748722856925126 0.682614796022338 0.649560765570943 0.748722856925126 0.682614796022338 0.703192789231788 0.703192789231788 0.723770782441238 0.78177688737652 0.57742814524869
B5301 0.875981442412922 0.276211058866393 0.880022231049747 0.878525707347546 0.86573384022847 0.86246899907257 0.915207294619366 0.898883639619069 0.948075071788682 0.911820355247896 0.543547423662764
B5401 0.771348799846805 0.269290655838191 0.865505165308005 0.923550586989075 0.86098087056275 0.863606292598044 0.902027581726387 0.891775093405457 0.835130557381994 0.853694404368678 0.428515397710002
B5501 0.786272846357064 0.0843597221285658 0.805113886603916 0.854605164897665 0.856153367194893 0.886752946725715 0.867200006868391 0.885033435416889 0.778793976571387 0.813968452916072 0.464944846457501
B5502 0.80181897436025 0.12239013799767 0.918077511718026 0.876202542371787 0.8735208184381 0.894127809520288 0.913545892932196 0.903651087447601 0.88465294002537 0.770160680476767 0.312726952511036
B5601 0.813103144218808 0.0934898579867053 0.88358054394461 0.83022594991811 0.866228221611147 0.887341870752287 0.891750430942631 0.913653837188738 0.873327491946953 0.768504308980387 0.245724025509976
B5701 0.832257171685151 0.584143234082097 0.881734281621194 0.863314094370561 0.905924704343237 0.924224022757273 0.916342025879424 0.926146934075481 0.933535695500801 0.911830999479716 0.40351846405568
B5703 0.694219447978167 0.482799977867832 0.844323205561998 0.868167410856906 0.897425644974204 0.914262063311633 0.905529064852073 0.924705158110172 0.912968411059471 0.901407790537074 0.465918411340211
B5801 0.664471285313089 0.538920442670941 0.864162387055226 0.800308420920884 0.888255751674884 0.894740786414921 0.921686146200538 0.942479360115978 0.929792851460797 0.906874992132765 0.275392041589666
B5802 0.598456651201752 0.482587020626445 0.833920757532512 0.787833435510427 0.87455258950122 0.906731868359517 0.851779253575143 0.882984634056232 0.808331999172363 0.858752802746686 0.529109151135703
C0102 0.836852671984749 0.621852451648901 0.502503474709824 0.781590404119172 0.809470181669757 0.885036751752041 0.907972001917875 0.828384150343102 0.823071947138693 0.728338642656977 0.291923021943649
C0202 0.757112271918222 0.437994510822889 0.831058671825524 0.791091936573993 0.740764726333912 0.821397660348448 0.873017377333264 0.87814266986485 0.868451815998333 0.879809347664552 0.46615943214108
C0302 0.689285776015669 0.427904872088186 0.809859150789258 0.75582308691221 0.676706215288066 0.795700724913086 0.843873381176142 0.822420571711804 0.857755184614711 0.756312510809016 0.376938162990028
C0303 0.737913859774461 0.457513116921752 0.817404860518445 0.800607465597808 0.783403118306587 0.835464875385702 0.878785378738672 0.915897185050369 0.862734592746589 0.828272738383631 0.289971577569716
C0304 0.724971038898802 0.421460235985322 0.819878170718717 0.797030484308374 0.761611687889504 0.850965195039276 0.915214481283913 0.926940974459761 0.893419874357355 0.810950530945215 0.235132345088702
C0401 0.766703424291598 0.560517593943138 0.360466191136398 0.803891267447849 0.846169602871274 0.815828830986969 0.850719532614643 0.881293673735088 0.818835683059252 0.913609977044311 0.615859671145601
C0403 0.834100524219981 0.837721382127664 0.645549315990216 0.764531774686934 0.859520398184596 0.813836515389606 0.853988356122788 0.7934448647695 0.84285857393317 0.870759148835212 0.822989415359097
C0501 0.769034393684763 0.630712285399144 0.407317932307878 0.779226847490274 0.818035691599801 0.853360623437675 0.821644234993221 0.888501364480297 0.82176441251891 0.86955512946463 0.558750367727942
C0602 0.789970229085065 0.800185053303933 0.81497966073882 0.781808684784051 0.824824740259892 0.791298501938733 0.742163752662148 0.799215776793575 0.692612852291371 0.803802478259866 0.641737465173326
C0701 0.635670277706301 0.489399120841433 0.73578747635862 0.722162183867739 0.691072278187342 0.713181190340627 0.714549685636304 0.762071693302579 0.769083154307421 0.64249648173582 0.513220645923472
C0702 0.775004954922458 0.472422460056474 0.852868208923451 0.682428226021231 0.886615422434685 0.853474477206856 0.814041500875529 0.804900213601488 0.839075767414567 0.848506921040274 0.510615287237028
C0704 0.78177688737652 0.637084728328999 0.748722856925126 0.736246819683182 0.736246819683182 0.622958212942028 0.690716751989844 0.682614796022338 0.657662721538449 0.637084728328999 0.748722856925126
C0801 0.842139604495755 0.395333379571155 0.847468840946659 0.768851747867672 0.738570793528297 0.888676325409114 0.899511466202827 0.941273230134418 0.871809546709377 0.835184886122297 0.335423582021688
C0802 0.811912615834636 0.592173543328514 0.190003888131847 0.870147712292822 0.83778101353407 0.878444233628576 0.89622008142303 0.917364483184954 0.833702723540224 0.778878358190669 0.241446708371844
C1202 0.829655730072822 0.526236930928555 0.79510646177094 0.598886248802766 0.621712314448377 0.830532731030842 0.928948409473935 0.80204522242824 0.849200476231876 0.892596274792144 0.45614972394305
C1203 0.765448207308825 0.314899340044376 0.77564128003226 0.722593926500215 0.846887775350579 0.816064877203775 0.858512377921191 0.77184072514889 0.699627650303264 0.830523414211143 0.513803604249268
C1402 0.707220587524555 0.225533620069082 0.711883791265223 0.748014118342418 0.791597591711251 0.831420481889275 0.860977476670692 0.807926453055666 0.802933538729495 0.791029961733859 0.514624122686993
C1403 0.809821616945287 0.313056650835587 0.796620216991718 0.767589481789399 0.844441133123273 0.928369515929255 0.911849035586466 0.891577375715562 0.858223008253469 0.869746996670813 0.627930957545253
C1502 0.705722073180561 0.568341754947921 0.826600990967173 0.77024280833417 0.821341475672486 0.853863155114148 0.813000099754884 0.839601404484397 0.841905565737164 0.792448629605594 0.45920923249241
C1601 0.807788476923206 0.48758366695847 0.853643841162365 0.814967208611199 0.872722204806017 0.905277747172264 0.910219978926669 0.89493385559569 0.847951316356582 0.797022452747508 0.545734138391508
C1701 0.587052118686529 0.314734265196601 0.650460352350949 0.653710018145476 0.66319802748525 0.714251091750235 0.712161209193552 0.71190446814877 0.687962509780229 0.781194207686823 0.258463416033943
G0101 0.496030912844824 0.748071750639307 0.364030974245751 0.791959082487136 0.822497775414581 0.799749981418492 0.832168264096169 0.79396002234552 0.674492760855837 0.789159853925231 0.183662722609178
G0103 0.298869386250565 0.649560765570943 0.252024109362461 0.736246819683182 0.736246819683182 0.703192789231788 0.736246819683182 0.610482175700084 0.622958212942028 0.703192789231788 0.218970078911067
G0104 0.285341347922717 0.579531488224451 0.360424270034024 0.775165378864826 0.80087406921591 0.810577653737422 0.791170484694398 0.672330617460489 0.661343327715066 0.694637244598121 0.116443014258145
Avg 0.707447640012361 0.423900989379175 0.736443367295283 0.793727103976726 0.815813772971786 0.8345462005745 0.849109530525314 0.839179255584557 0.813710893194294 0.816811386964466 0.385241307757976
